LINE -1000 1000 83 84 -3.6717565e-06 84.0
LINE 84 84 1000 -1000 84.0 0.0
LINE 88 88 1000 -1000 88.0 0.0
LINE -1000 1000 113 114 -4.9830983e-06 114.0
LINE 113 113 1000 -1000 113.0 0.0
LINE -1000 1000 109 110 -4.808253e-06 110.0
LINE 78 78 1000 -1000 78.0 0.0
LINE -1000 1000 118 119 -5.2016553e-06 119.0
LINE 54 123 1002 -996 88.945786 3.106055
LINE -995 1003 150 81 4.0483413 115.92934
LINE -1001 997 89 124 -1.8674015 106.9837
LINE -1001 997 95 130 -1.9721155 112.98279
LINE 57 92 -1001 998 74.98858 -1.3089343
LINE -1001 998 63 98 -1.4136404 80.98766
LINE 94 129 -1001 997 111.98294 -1.9546753
LINE 69 104 -1001 998 86.98675 -1.5183638
LINE 63 98 -1001 998 80.98766 -1.4136491
LINE 53 53 1000 -1000 53.0 0.0
LINE 38 73 1000 -998 55.99147 0.97733474
LINE 63 98 1001 -998 80.98766 1.4136449
LINE 96 131 1001 -997 113.982635 1.9895743
LINE -998 1001 104 69 1.5183574 86.98675
LINE -1000 1000 144 145 -6.3381513e-06 145.0
LINE 32 67 -1000 998 49.992386 -0.8726229
LINE 69 104 1001 -998 86.98675 1.5183593
LINE -997 1001 130 95 1.9721193 112.98279
LINE -1001 997 100 135 -2.0593772 117.98203
LINE -997 1001 137 102 2.094286 119.98173
LINE -989 1005 188 48 8.301024 118.71013
LINE -718 720 -695 693 0.6946583 -0.71933985
LINE 38 143 1003 -993 90.87528 4.7625723
LINE -992 1004 169 64 6.123309 116.83965
LINE -676 687 -736 725 5.8508296 -5.4559865
LINE 6 180 1004 -988 93.6423 8.192639
LINE -985 1006 206 32 10.458695 119.543365
LINE -992 1004 172 67 6.280317 119.83554
LINE 12 81 -1001 997 46.97137 -1.6402742
LINE -1004 994 109 178 -5.0255227 143.91228
LINE -732 729 -680 683 -1.3639966 1.4627074
LINE -690 698 -723 715 4.316038 -4.1679506
LINE -704 709 -709 704 2.828427 -2.828427
LINE 24 93 1001 -997 58.964058 2.0590703
LINE 49 118 1002 -996 83.94883 2.9315577
LINE 80 149 1003 -995 114.92995 4.013442
LINE 19 158 1003 -991 88.7832 6.208326
LINE -989 1006 191 51 8.510294 121.70282
LINE -996 1002 123 54 3.1060548 88.945786
LINE -994 1004 180 111 5.095326 145.91106
LINE -1002 996 44 113 -2.7570574 78.95187
LINE -1003 995 70 139 -3.6644435 104.936035
LINE -1003 995 82 151 -4.083237 116.92873
LINE 38 107 -1001 996 72.95553 -2.5476599
LINE 23 162 1004 -991 92.77346 6.487352
LINE -1003 995 77 146 -3.9087398 111.93178
LINE 44 113 -1002 996 78.95187 -2.7570567
LINE -9 200 1004 -984 95.474106 10.034733
LINE -745 740 -666 672 -2.6765227 2.972579
LINE -1000 1000 196 197 -8.611143e-06 197.0
LINE -1006 986 25 199 -9.848601 112.57
LINE -981 1007 225 16 12.752467 121.33167
LINE -996 1003 215 180 3.455572 197.96985
LINE -1003 996 178 213 -3.4206605 195.97015
LINE -660 677 -750 735 8.174592 -7.3604374
LINE -985 1007 210 36 10.807319 123.528145
LINE -998 998 -57 47 0.2616797 -4.9931474
LINE -646 665 -763 746 9.811226 -8.528767
LINE -999 999 -37 31 0.10469839 -2.9981725
LINE -20 153 -1002 990 66.74504 -5.839443
LINE -8 96 -1000 996 43.939697 -2.3027864
LINE -992 1006 233 163 6.9449987 198.87878
LINE 56 161 -1004 992 108.85062 -5.70463
LINE -1000 1000 0 0 -0.0 0.0
LINE -1002 994 24 129 -4.0298676 76.89447
LINE -1004 993 50 155 -5.390602 102.85884
LINE -1006 982 5 214 -11.602665 110.39193
LINE -758 750 -651 660 -3.9363537 4.528258
LINE 8 113 1001 -995 60.9164 3.1924934
LINE 32 137 1003 -994 84.88351 4.4485564
LINE -23 220 1004 -980 98.26207 12.065065
LINE -993 1003 143 38 4.7625737 90.87528
LINE -1002 994 22 127 -3.9251957 74.89722
LINE -1003 993 47 152 -5.2335944 99.86295
LINE -1004 992 63 168 -6.0709696 115.84103
LINE -1008 988 140 245 -10.100837 192.73549
LINE -40 168 -1001 987 63.649403 -6.6898236
LINE 24 129 -1002 994 76.89447 -4.029876
LINE 22 127 -1002 994 74.89722 -3.9252038
LINE 18 123 -1002 994 70.902695 -3.7158597
